    53    1
HAalpha              0.10976E+03    1    0
HAa1                -0.10219E+00    1    0
HAa2                 0.33598E-01    1    0
HAa3                 0.19966E-01    1    0
HAa4                -0.89688E-01    1    0
HAa5                -0.53487E-01    1    0
HAa6                 0.85148E-01    1    0
HAbondLen            0.10666E+01    1    0
HAalphaGly           0.17783E+03    1    0
HAbondLenG           0.59834E+00    1    0
HAalphaPro           0.11051E+03    1    0
HAa1P               -0.24535E+01    1    0
HAa2P                0.30506E+00    1    0
HAa3P               -0.12164E+01    1    0
HAa4P                0.43412E+00    1    0
HAa5P               -0.29992E+00    1    0
HAa6P                0.34633E+00    1    0
HAbondLenP           0.10480E+01    1    0
HNa1y               -0.10159E+01    1    0
HNa2y               -0.27329E+01    1    0
HNa3y               -0.42015E+00    1    0
HNa1z                0.30840E+00    1    0
HNa2z                0.24963E+01    1    0
HNa3z                0.18403E+01    1    0
HNb1y                0.43229E+00    1    0
HNb2y                0.27470E+00    1    0
HNb3y               -0.11797E+01    1    0
HNb1z                0.24341E+00    1    0
HNb2z               -0.90624E+00    1    0
HNb3z               -0.53078E+00    1    0
HNdelta              0.21357E+01    1    0
HNepsil              0.11235E+01    1    0
HBalpha0             0.13823E+03    1    0
HBa1                 0.18239E+00    1    0
HBa2                 0.25926E+00    1    0
HBa3                 0.49014E+00    1    0
HBa4                 0.57602E+00    1    0
HBa5                 0.34481E+00    1    0
HBa6                 0.12518E+00    1    0
HBbeta               0.17955E+01    1    0
HBb1                -0.27168E+01    1    0
HBb2                -0.49602E+01    1    0
HBb3                -0.51701E+01    1    0
HBb4                -0.28403E+01    1    0
HBb5                -0.11513E+01    1    0
HBb6                 0.17931E+00    1    0
HBc1                 0.17704E+01    1    0
HBc2                 0.20454E+01    1    0
HBc3                 0.20875E+01    1    0
HBc4                 0.20555E+01    1    0
HBc5                 0.12575E+01    1    0
HBc6                 0.53744E+00    1    0
HBbondLen            0.18118E+01    1    0
